Time (s)	Height (m)
0.000000000E0	0.000000000E0
1.037497000E0	8.226336831E-2
2.074866000E0	3.816430122E-1
3.111635000E0	6.829670189E-1
4.149481000E0	9.062234232E-1
5.186841000E0	1.063021977E0
6.224246000E0	1.084315790E0
7.349535000E0	1.113998148E0
8.387262000E0	1.168200934E0
9.424011000E0	1.269509281E0
1.046156700E1	1.430185057E0
1.149952500E1	1.655393443E0
1.253753400E1	1.965143618E0
1.357397600E1	2.289745907E0
1.461203200E1	2.537560452E0
1.564879800E1	2.755693775E0
1.668615400E1	2.946725539E0
1.772278700E1	3.131306868E0
1.876078100E1	3.315246072E0
1.979810800E1	3.559857994E0
2.083537000E1	3.842556525E0
2.187323700E1	4.117517277E0
2.291047000E1	4.351175096E0
2.394774100E1	4.531908509E0
2.498452100E1	4.662296711E0
2.602185400E1	4.696507748E0
2.706005100E1	4.735237360E0
2.809737100E1	4.763639167E0
2.913494700E1	4.855300076E0
3.017336500E1	5.001184600E0
3.121052800E1	5.193548744E0
3.224786700E1	5.432395092E0
3.328532400E1	5.732574648E0
3.432223400E1	6.007585475E0
3.535981000E1	6.206424133E0
3.639774000E1	6.411722588E0
3.743493700E1	6.582162127E0
3.847252700E1	6.758415048E0
3.951003700E1	6.977282732E0
4.054746200E1	7.261365665E0
4.158494900E1	7.596464393E0
4.262226000E1	7.961921583E0
4.365950000E1	8.273797171E0
4.469666100E1	8.503674205E0
4.573445600E1	8.674148102E0
4.677149200E1	8.790381910E0
4.780827500E1	8.812337331E0
4.884564900E1	8.864643080E0
4.988280400E1	8.965380821E0
5.092062900E1	9.126175779E0
5.195795200E1	9.302471910E0
5.299546400E1	9.516226914E0
5.403239300E1	9.752589536E0